185
16
206
146
33
55
69
183
75
208
214
158
161
231
215
52
139
166
193
196
252
198
38
260
262
264
76
86
10
132
261
45
32
257
172
235
209
212
163
8
60
177
115
83
255
5
107
256
95
3
250
98
220
203
6
232
57
34
189
137
225
134
135
204
211
224
173
227
153
210
124
96
74
78
248
39
118
147
26
152
259
201
79
116
37
21
245
213
197
145
56
44
50
88
90
131
133
42
92
148
12
25
228
94
99
182
236
247
205
112
31
11
20
125
216
130
29
192
80
19
200
101
22
169
253
47
72
129
249
168
202
221
68
229
263
188
24
242
61
35
207
106
157
164
234
64
254
190
155
120
102
93
67
187
18
70
100
151
246
174
71
73
40
238
82
66
28
150
138
233
265
49
1
251
217
226
239
127
84
30
111
13
159
244
63
123
14
167
89
171
178
62
4
36
122
53
258
162
241
223
15
7
17
243
165
149
114
117
136
108
85
194
58
48
237
59
41
140
141
230
191
170
179
9
27
160
218
46
97
143
128
87
51
181
91
195
184
156
186
54
126
23
109
121
119
180
154
77
144
43
81
113
142
222
65
219
175
240