90
209
25
135
260
257
141
127
22
63
108
24
252
206
231
162
29
227
44
109
80
223
201
184
143
208
131
112
97
70
23
27
159
197
171
198
28
258
114
166
85
55
76
60
12
175
186
246
87
167
120
134
40
121
3
236
163
75
188
54
19
47
101
31
140
4
107
56
17
152
83
58
45
247
50
158
94
99
8
74
41
119
250
46
182
39
7
195
214
42
189
217
203
237
68
78
221
84
48
179
213
173
196
118
190
155
148
263
225
35
77
89
264
241
178
36
20
133
57
245
177
88
150
240
6
142
168
219
139
64
59
174
242
18
91
149
102
14
220
38
156
65
153
123
172
117
154
93
218
192
181
69
259
232
9
180
193
244
26
254
72
234
165
124
169
147
5
204
130
53
11
194
229
33
92
66
51
96
157
226
95
235
215
210
248
32
128
207
79
211
129
243
224
183
185
151
43
216
73
239
261
15
253
255
86
21
176
262
10
106
205
222
115
125
111
2
251
132
212
52
233
170
144
82
146
230
1
126
67
116
238
200
113
136
37
187
100
61
13
164
62
256
81
98
71
30
249
137
145
138
160
191
16
161
202
34
122
265
228
49